0000001000000000
0000000100000000
0000001000000000
0000000100000000
0000000100000000
0000001000000000
0000000100000000
0000001000000000
0000010100000000
0000000100000000
0000001100000000
0000000100000000
0000001100000000
0000010100000000
0000000100000000
0000001100000000
0000001000000000
0000000100000000
0000001000000000
0000000100000000
0000000100000000
0000001000000000
0000000100000000
0000001000000000
0000010100000000
0000000100000000
0000001100000000
0000000100000000
0000001100000000
0000010100000000
0000000100000000
0000001100000000