0000000000110011
1111111100110011
0000000000000000
1111111100000000
0000000100110011
0000000000110011
0000000100000000
0000000000000000
0000000001100110
1111111110011001
0000000000000000
1111111111001100
0000000110011001
0000000001100110
0000000111001100
0000000000000000
0000000100110011
1111111100000000
0000000100000000
0000000100110011
0000000110011001
1111111111001100
0000000111001100
0000000110011001
0000000100110011
1111111111001100
0000000000000000
0000000000000000
0000000111001100
0000000100110011
0000000000000000
0000000000000000
0000000000000000
0000000000000000
0000000100110011
1111111111001100
0000000000000000
0000000000000000
0000000111001100
0000000100110011
0000000000000000